Read Elastic Constants from the ELASTIC_TENSOR.in file if it exists (GPa).
   131.1335    35.8709    45.1811     1.7493    -0.6989    -0.0751
    35.8709   115.9107    39.7550    -0.0634    -0.4911    -0.0558
    45.1811    39.7550   118.3206    -0.7193    -0.5134    -0.3385
     1.7493    -0.0634    -0.7193    38.4007     0.0834     0.0120
    -0.6989    -0.4911    -0.5134     0.0834    33.7020     1.1967
    -0.0751    -0.0558    -0.3385     0.0120     1.1967    35.9496
