Read Elastic Constants from the ELASTIC_TENSOR.in file if it exists (GPa).
    49.5755    11.7702    26.1653    -0.3347    -0.3357    -0.5111
    11.7702    49.8037    26.5469    -0.2265    -0.3333     0.0888
    26.1653    26.5469    50.9003    -0.2567    -0.2146     0.0462
    -0.3347    -0.2265    -0.2567     8.9839    -0.0738    -0.0271
    -0.3357    -0.3333    -0.2146    -0.0738     8.8770    -0.0551
    -0.5111     0.0888     0.0462    -0.0271    -0.0551    10.7862
