Read Elastic Constants from the ELASTIC_TENSOR.in file if it exists (GPa).
    61.2205    25.5310    29.6525    -0.5440     0.5430    -0.5332
    25.5310    62.2959    31.0316    -0.3965     0.5143     0.5014
    29.6525    31.0316    49.5629    -0.3728     0.6842     0.1272
    -0.5440    -0.3965    -0.3728     8.4884     0.1240    -0.0367
     0.5430     0.5143     0.6842     0.1240     8.4256    -0.0535
    -0.5332     0.5014     0.1272    -0.0367    -0.0535     9.8837
