Read Elastic Constants from the ELASTIC_TENSOR.in file if it exists (GPa).
    32.8289    15.2655    13.7243    -0.9454     0.0075    -0.0827
    15.2655    34.7154    10.7517     1.3052     0.0404     0.0333
    13.7243    10.7517    24.2999    -0.3938     0.0636    -0.0867
    -0.9454     1.3052    -0.3938     7.1393    -0.0204     0.0151
     0.0075     0.0404     0.0636    -0.0204     8.1021    -1.6100
    -0.0827     0.0333    -0.0867     0.0151    -1.6100     9.8124
