Read Elastic Constants from the ELASTIC_TENSOR.in file if it exists (GPa).
    54.9072    14.6173    18.3225    -0.0738     0.2857    -0.3718
    14.6173    54.9037    18.3998    -0.0843     0.1975    -0.3876
    18.3225    18.3998    47.8935    -0.0426     0.0822    -0.2061
    -0.0738    -0.0843    -0.0426     9.1577    -0.4958     0.0476
     0.2857     0.1975     0.0822    -0.4958     8.5025     0.1170
    -0.3718    -0.3876    -0.2061     0.0476     0.1170    12.5784
