Read Elastic Constants from the ELASTIC_TENSOR.in file if it exists (GPa).
    88.8902    36.6661    46.5636   -10.4987     0.1152    -0.3670
    36.6661   126.8751    32.8552     4.0544     0.1517    -0.3550
    46.5636    32.8552    83.2603     5.9273     0.0490    -0.3809
   -10.4987     4.0544     5.9273    31.4085     0.0434    -0.0809
     0.1152     0.1517     0.0490     0.0434    28.9351    -0.6240
    -0.3670    -0.3550    -0.3809    -0.0809    -0.6240    24.3585
