Read Elastic Constants from the ELASTIC_TENSOR.in file if it exists (GPa).
    50.7024    19.1975    16.2541     0.9478     0.1144     0.1470
    19.1975    34.7813    14.3446     1.4869     0.1274     0.1953
    16.2541    14.3446    40.9400    -3.3432     0.0788     0.1699
     0.9478     1.4869    -3.3432     8.6694     0.0286    -0.0057
     0.1144     0.1274     0.0788     0.0286    10.5748     0.3894
     0.1470     0.1953     0.1699    -0.0057     0.3894    14.1496
