Read Elastic Constants from the ELASTIC_TENSOR.in file if it exists (GPa).
   197.4507    75.6550    42.3763     8.0226    -0.3796    -0.5034
    75.6550   205.0895    65.4752   -10.8097     0.0724    -0.4512
    42.3763    65.4752   103.6803     2.1212    -0.2735    -0.3155
     8.0226   -10.8097     2.1212    68.5029    -0.1992    -0.0512
    -0.3796     0.0724    -0.2735    -0.1992    48.8348     3.7031
    -0.5034    -0.4512    -0.3155    -0.0512     3.7031    63.4415
