Read Elastic Constants from the ELASTIC_TENSOR.in file if it exists (GPa).
   158.6952    52.4143    31.7449     6.5662    -0.2573     0.1248
    52.4143   163.3616    34.6320   -12.1991    -0.2044     0.0771
    31.7449    34.6320   154.5300    -3.8443    -0.2485     0.1627
     6.5662   -12.1991    -3.8443    42.4494     0.0083    -0.0840
    -0.2573    -0.2044    -0.2485     0.0083    41.8183     2.9760
     0.1248     0.0771     0.1627    -0.0840     2.9760    61.2642
