Read Elastic Constants from the ELASTIC_TENSOR.in file if it exists (GPa).
    78.1163    15.9306    16.1923    -0.0230    -0.0428    -0.1868
    15.9306    77.7769    16.0649    -0.0218    -0.0423    -0.1874
    16.1923    16.0649    78.2834    -0.0221    -0.0423    -0.2030
    -0.0230    -0.0218    -0.0221    23.0688     0.0080     0.0086
    -0.0428    -0.0423    -0.0423     0.0080    23.0930     0.0009
    -0.1868    -0.1874    -0.2030     0.0086     0.0009    23.0618
