Read Elastic Constants from the ELASTIC_TENSOR.in file if it exists (GPa).
    84.1591    14.0157    14.0164    -0.0487    -0.1034    -0.2103
    14.0157    84.2441    14.0505    -0.0490    -0.1015    -0.2115
    14.0164    14.0505    84.2230    -0.0488    -0.1037    -0.2113
    -0.0487    -0.0490    -0.0488    21.3612     0.0083     0.0096
    -0.1034    -0.1015    -0.1037     0.0083    21.3690     0.0008
    -0.2103    -0.2115    -0.2113     0.0096     0.0008    21.3464
