Read Elastic Constants from the ELASTIC_TENSOR.in file if it exists (GPa).
    81.2558    15.2548    15.1272    -0.0936    -0.0839     0.0105
    15.2548    80.9904    14.9570    -0.0947    -0.0817     0.0118
    15.1272    14.9570    80.9999    -0.0943    -0.0824    -0.0137
    -0.0936    -0.0947    -0.0943    21.7280     0.0079    -0.0292
    -0.0839    -0.0817    -0.0824     0.0079    21.8506     0.0017
     0.0105     0.0118    -0.0137    -0.0292     0.0017    22.1702
