Read Elastic Constants from the ELASTIC_TENSOR.in file if it exists (GPa).
    45.7173    17.9376    17.9814    -0.0395    -0.0971    -0.1428
    17.9376    46.2559    18.4281    -0.0636    -0.0978    -0.1377
    17.9814    18.4281    46.3284    -0.1236    -0.0889    -0.1175
    -0.0395    -0.0636    -0.1236     8.8177     0.0093     0.3290
    -0.0971    -0.0978    -0.0889     0.0093     8.3243    -0.0269
    -0.1428    -0.1377    -0.1175     0.3290    -0.0269     8.1775
