Read Elastic Constants from the ELASTIC_TENSOR.in file if it exists (GPa).
   154.3759    54.7604    30.3561     3.4950    -0.1166    -1.1123
    54.7604   178.6965    35.3919    -3.7393    -0.1688    -0.9413
    30.3561    35.3919   154.7871    -9.6123    -0.2833    -0.8664
     3.4950    -3.7393    -9.6123    48.9160     0.0152     0.0442
    -0.1166    -0.1688    -0.2833     0.0152    34.2492     3.8213
    -1.1123    -0.9413    -0.8664     0.0442     3.8213    63.6947
