Read Elastic Constants from the ELASTIC_TENSOR.in file if it exists (GPa).
   175.8639    61.0170    62.6122     8.2187    -0.2037     0.0848
    61.0170   155.1120    66.0676   -13.1490     0.7527    -0.0469
    62.6122    66.0676   108.6646    -4.5543     0.1840    -0.3108
     8.2187   -13.1490    -4.5543    60.9137    -0.0648     0.0125
    -0.2037     0.7527     0.1840    -0.0648    46.7911     7.5117
     0.0848    -0.0469    -0.3108     0.0125     7.5117    52.2515
