Read Elastic Constants from the ELASTIC_TENSOR.in file if it exists (GPa).
    38.1882    17.0924    17.3441    -0.1689     1.1086     1.1757
    17.0924    40.1109    18.5336    -0.1005     1.0999     1.2481
    17.3441    18.5336    40.2613    -0.0827     1.0849     1.2766
    -0.1689    -0.1005    -0.0827     8.2913    -0.0132     0.1603
     1.1086     1.0999     1.0849    -0.0132     8.1013     0.1293
     1.1757     1.2481     1.2766     0.1603     0.1293     8.1770
