Read Elastic Constants from the ELASTIC_TENSOR.in file if it exists (GPa).
   171.9800    68.7777    32.3494     8.3995     1.3897     0.5175
    68.7777   191.1466    57.1326    -8.4157     0.8157     0.1872
    32.3494    57.1326    90.4338     4.0526     1.6293     0.6797
     8.3995    -8.4157     4.0526    62.6370    -0.4748    -0.0647
     1.3897     0.8157     1.6293    -0.4748    44.5594     3.1967
     0.5175     0.1872     0.6797    -0.0647     3.1967    57.6001
