Read Elastic Constants from the ELASTIC_TENSOR.in file if it exists (GPa).
   175.8039    65.7373    80.5747     9.9337     1.6883     7.1037
    65.7373   124.1139    72.4453   -14.4108     1.5475     4.6103
    80.5747    72.4453   170.8894    -4.0324     4.9987     7.1367
     9.9337   -14.4108    -4.0324    55.6356     7.4963     9.6245
     1.6883     1.5475     4.9987     7.4963    60.8029    14.4273
     7.1037     4.6103     7.1367     9.6245    14.4273    56.8174
