Read Elastic Constants from the ELASTIC_TENSOR.in file if it exists (GPa).
    51.0665    14.2430    20.5145    -0.3628    -0.2134    -0.1817
    14.2430    51.4141    20.7279    -0.1586    -0.1653    -0.2746
    20.5145    20.7279    65.7175    -0.3315    -0.0513    -0.2279
    -0.3628    -0.1586    -0.3315     7.5901    -0.1256    -0.0511
    -0.2134    -0.1653    -0.0513    -0.1256     7.5889     0.0290
    -0.1817    -0.2746    -0.2279    -0.0511     0.0290    14.5562
