Read Elastic Constants from the ELASTIC_TENSOR.in file if it exists (GPa).
   122.3760    37.3528    42.3049    -3.3791    10.1519    -0.8686
    37.3528   120.5406    48.0026     8.6849     4.8031     3.6724
    42.3049    48.0026   111.5698    -9.1538    -1.3849     2.0873
    -3.3791     8.6849    -9.1538    34.8526    -1.1333     3.4527
    10.1519     4.8031    -1.3849    -1.1333    38.5185    -1.4386
    -0.8686     3.6724     2.0873     3.4527    -1.4386    38.4809
