Read Elastic Constants from the ELASTIC_TENSOR.in file if it exists (GPa).
   213.4483    81.1113    58.0821     2.4113    -0.6437     0.1450
    81.1113   212.1652    58.0103    -2.4413     1.1597     0.2588
    58.0821    58.0103   114.3389    -1.3094    -0.3853     0.0654
     2.4113    -2.4413    -1.3094    52.0284    -2.2108    -0.4677
    -0.6437     1.1597    -0.3853    -2.2108    56.4517     3.9126
     0.1450     0.2588     0.0654    -0.4677     3.9126    66.1547
