Read Elastic Constants from the ELASTIC_TENSOR.in file if it exists (GPa).
    40.9884    17.5520    21.1078    -0.0040    -0.0926    -0.0322
    17.5520    50.2480    23.9718    -0.0456    -0.0814    -0.0804
    21.1078    23.9718    59.3869     0.0266    -0.1272    -0.1100
    -0.0040    -0.0456     0.0266    14.3239     0.0665    -0.0339
    -0.0926    -0.0814    -0.1272     0.0665    12.7128     0.0829
    -0.0322    -0.0804    -0.1100    -0.0339     0.0829    14.4128
