Read Elastic Constants from the ELASTIC_TENSOR.in file if it exists (GPa).
   111.3251    33.1602    41.4886     0.3048     0.0528     0.0282
    33.1602    91.9147    37.6636     0.4007    -0.0627     0.1510
    41.4886    37.6636   114.8269     0.3798    -0.0711     0.0237
     0.3048     0.4007     0.3798    30.6934    -0.0158    -0.0805
     0.0528    -0.0627    -0.0711    -0.0158    35.9962    -0.0347
     0.0282     0.1510     0.0237    -0.0805    -0.0347    34.2393
