Read Elastic Constants from the ELASTIC_TENSOR.in file if it exists (GPa).
   126.4124    41.8695    38.3495    -4.1686    -3.1818     7.2368
    41.8695   129.1119    43.7109     9.6719     3.8188     3.0642
    38.3495    43.7109   116.6204    -3.9846    12.3005     0.9150
    -4.1686     9.6719    -3.9846    43.4749     0.3383    -2.2296
    -3.1818     3.8188    12.3005     0.3383    32.1677    -2.5442
     7.2368     3.0642     0.9150    -2.2296    -2.5442    44.9274
