Read Elastic Constants from the ELASTIC_TENSOR.in file if it exists (GPa).
   140.1979    31.6688    65.5343    -0.5316     0.5566     0.4639
    31.6688   141.4618    82.9349    -0.3934     0.5170     0.5391
    65.5343    82.9349   149.9440    -0.2534     0.6958     0.5098
    -0.5316    -0.3934    -0.2534    62.1837     0.0744     0.0051
     0.5566     0.5170     0.6958     0.0744    61.5615     0.0776
     0.4639     0.5391     0.5098     0.0051     0.0776    32.9316
