Read Elastic Constants from the ELASTIC_TENSOR.in file if it exists (GPa).
   319.5014   130.3752    63.2437    -0.0632    -0.0128     0.2694
   130.3752   321.9939    65.5457    -0.0700    -0.5733     0.1161
    63.2437    65.5457   251.8675    -0.1993    -1.5954     1.0317
    -0.0632    -0.0700    -0.1993    32.4790     0.3253    -0.0440
    -0.0128    -0.5733    -1.5954     0.3253    28.1717     0.0189
     0.2694     0.1161     1.0317    -0.0440     0.0189    95.6616
