Read Elastic Constants from the ELASTIC_TENSOR.in file if it exists (GPa).
    23.4849    13.2516    15.0338     0.2643     0.0470    -0.0355
    13.2516    21.3221    13.0643     0.2076    -0.2038     0.1190
    15.0338    13.0643    20.0616     0.3187    -0.0139     0.3444
     0.2643     0.2076     0.3187     8.7143    -0.0479    -0.1032
     0.0470    -0.2038    -0.0139    -0.0479    10.4416     0.0682
    -0.0355     0.1190     0.3444    -0.1032     0.0682    11.9156
