Read Elastic Constants from the ELASTIC_TENSOR.in file if it exists (GPa).
    28.9374    12.5847     7.5993     0.3320    -0.1541     0.1163
    12.5847    38.8522    19.4807     0.1186    -0.0752    -0.2142
     7.5993    19.4807    31.8165     0.2228    -0.1601    -0.0268
     0.3320     0.1186     0.2228    12.5679    -0.0159    -0.1291
    -0.1541    -0.0752    -0.1601    -0.0159    11.7961    -0.0525
     0.1163    -0.2142    -0.0268    -0.1291    -0.0525    11.9139
