Read Elastic Constants from the ELASTIC_TENSOR.in file if it exists (GPa).
    35.8636    19.9439    11.0810    -1.5697     0.1936     0.1416
    19.9439    47.3911     6.9261    -2.1579    -0.0550     0.2506
    11.0810     6.9261    29.2898     1.2581     0.0867     0.0148
    -1.5697    -2.1579     1.2581     3.9915     0.0764     0.1618
     0.1936    -0.0550     0.0867     0.0764    11.5290     1.2414
     0.1416     0.2506     0.0148     0.1618     1.2414     8.4204
