Read Elastic Constants from the ELASTIC_TENSOR.in file if it exists (GPa).
    31.3716    13.0180    11.3240     0.0550    -0.0207     0.1340
    13.0180    21.9901    14.0693     0.0627    -0.0675     0.1436
    11.3240    14.0693    36.8149     0.1031     0.0567     0.1772
     0.0550     0.0627     0.1031    12.0781     0.0080    -0.0552
    -0.0207    -0.0675     0.0567     0.0080    11.8605     0.0269
     0.1340     0.1436     0.1772    -0.0552     0.0269    10.8964
