Read Elastic Constants from the ELASTIC_TENSOR.in file if it exists (GPa).
    51.4834    11.2871    13.3684     0.1705    -0.0803    -0.0460
    11.2871    50.1772    12.5600     0.0845     0.0425     0.0340
    13.3684    12.5600    57.3877     0.0719    -0.0532    -0.0524
     0.1705     0.0845     0.0719    10.8272    -0.0095    -0.0212
    -0.0803     0.0425    -0.0532    -0.0095    10.8123    -0.0121
    -0.0460     0.0340    -0.0524    -0.0212    -0.0121    13.3808
