Read Elastic Constants from the ELASTIC_TENSOR.in file if it exists (GPa).
    44.0648    12.0082    12.0089    -0.0376     0.0583    -0.1834
    12.0082    43.4583    11.8051     0.0705    -0.0447    -0.2247
    12.0089    11.8051    43.5801    -0.0656     0.0391    -0.2904
    -0.0376     0.0705    -0.0656    18.1326    -0.1166    -0.0220
     0.0583    -0.0447     0.0391    -0.1166    18.1388    -0.1132
    -0.1834    -0.2247    -0.2904    -0.0220    -0.1132    18.2191
