Read Elastic Constants from the ELASTIC_TENSOR.in file if it exists (GPa).
    23.0575     5.9819     9.3163    -1.0008     0.1914    -0.3334
     5.9819    18.4697     7.7459    -1.7973    -0.2746    -0.2892
     9.3163     7.7459    18.3385     1.5439    -0.1343     0.1517
    -1.0008    -1.7973     1.5439     5.4008     0.0625    -0.1110
     0.1914    -0.2746    -0.1343     0.0625     9.0843    -0.9890
    -0.3334    -0.2892     0.1517    -0.1110    -0.9890     5.0652
