Read Elastic Constants from the ELASTIC_TENSOR.in file if it exists (GPa).
   222.0634    94.1828    73.4141     7.0848    -0.2018    -0.9065
    94.1828   221.4735    73.1247    -8.4503     0.3787    -0.5854
    73.4141    73.1247   143.6527    -0.2980    -1.2694    -0.5380
     7.0848    -8.4503    -0.2980    56.2654    -0.3677     0.0416
    -0.2018     0.3787    -1.2694    -0.3677    58.0558     9.3729
    -0.9065    -0.5854    -0.5380     0.0416     9.3729    63.1175
