Read Elastic Constants from the ELASTIC_TENSOR.in file if it exists (GPa).
   174.6801    79.8429    54.0146     6.6794     0.1310    -0.0394
    79.8429   174.1339    53.8505    -7.9343     0.4162     0.1509
    54.0146    53.8505   106.5648    -1.0718    -0.2319     0.2241
     6.6794    -7.9343    -1.0718    51.2091    -0.8858    -0.1204
     0.1310     0.4162    -0.2319    -0.8858    52.0114     7.7835
    -0.0394     0.1509     0.2241    -0.1204     7.7835    46.9006
