Read Elastic Constants from the ELASTIC_TENSOR.in file if it exists (GPa).
    57.9114    13.6306    19.1499    -0.2007    -1.0934    -0.0927
    13.6306    57.9028    19.0794    -0.1525    -1.2044    -0.0924
    19.1499    19.0794    49.9187    -0.0875    -1.3055     0.0846
    -0.2007    -0.1525    -0.0875     9.0163    -1.5449    -0.0250
    -1.0934    -1.2044    -1.3055    -1.5449     9.1405    -0.0828
    -0.0927    -0.0924     0.0846    -0.0250    -0.0828    14.1186
