Read Elastic Constants from the ELASTIC_TENSOR.in file if it exists (GPa).
    57.9024    16.6734    16.7199    -0.6913    -0.4298    -0.3668
    16.6734    57.8667    16.7472    -0.5761    -0.4964    -0.4374
    16.7199    16.7472    57.8919    -0.5727    -0.4431    -0.4413
    -0.6913    -0.5761    -0.5727     5.6900    -0.0288     0.2916
    -0.4298    -0.4964    -0.4431    -0.0288     5.7374     0.2046
    -0.3668    -0.4374    -0.4413     0.2916     0.2046     5.7774
